,Date,weight_type,AGG,EEM,EFA,GLD,IWM,LQD,MTUM,QQQ,QUAL,SPY,TLT,USMV,VLUE,VNQ
0,2022-01-03,starting,0.1499999999999996,0.0,0.15,0.0,5.681331627051631e-17,1.7214701302371915e-16,0.0,0.050000000000000155,0.05000000000000011,0.14999999999999997,0.14999999999999997,0.14999999999999997,0.0,0.15
1,2022-12-30,ending,0.16212886354984415,0.0,0.15958583896846767,0.0,5.613816555384757e-17,1.7558434001227146e-16,0.0,0.04189247359801055,0.0493972279952519,0.15252224624046412,0.1281798028414987,0.1688246726371074,0.0,0.13746887416935522
2,2023-01-03,starting,0.15,0.0,0.15,0.15,0.15,0.14999999999999994,0.0,0.0,0.0,0.04999999999999981,0.0,0.08624663820142689,0.11375336179857376,0.0
3,2023-12-29,ending,0.1399241839197197,0.0,0.15675411208099368,0.14924265816599594,0.15472025180892368,0.1448894635396122,0.0,0.0,0.0,0.055700138379375944,0.0,0.08401071314093299,0.11475847896444592,0.0
4,2024-01-02,starting,0.14999999999999983,0.0,0.14999999999999988,0.15,4.168195890695441e-17,0.15,7.960834930911288e-18,0.15,0.15,0.05000000000000009,9.275368671202384e-17,0.050000000000000315,0.0,0.0
5,2024-12-31,ending,0.13323397954144736,0.0,0.1360986515806135,0.16656925352077687,4.0704875215122805e-17,0.13264100191386516,9.275031687861352e-18,0.16515069643504446,0.1608206982999341,0.05474696270079764,7.477269935209159e-17,0.05073875600752083,0.0,0.0
6,2025-01-02,starting,0.14999999999999952,0.15,0.0,0.1499999999999999,2.3900727902322524e-16,0.15,0.14999999999999983,0.04999999999999986,8.61940727125976e-16,0.15,1.9180053812062908e-16,0.04999999999999932,0.0,8.730996310993448e-17
7,2025-12-31,ending,0.1293409605241123,0.16166471020879764,0.0,0.19749721455159644,2.1659828629371993e-16,0.130189992314722,0.1473898006847176,0.04857597568675855,7.8107544979681e-16,0.14204351747856972,1.6084128767041933e-16,0.04329782855072462,0.0,7.25134130416969e-17
8,2026-01-02,starting,0.15,0.15,0.0,0.15,0.0,0.15,0.0,0.04999999999999714,0.0,0.15,0.0,0.050000000000003264,0.15,0.0
9,2026-07-10,ending,0.13398279526684528,0.16442079485574895,0.0,0.12725172325085943,0.0,0.1334119072601163,0.0,0.052784288778676795,0.0,0.14887865515847937,0.0,0.04662958919378921,0.1926402462354847,0.0
