,Date,weight_type,AGG,EEM,EFA,GLD,IWM,LQD,MTUM,QQQ,QUAL,SPY,TLT,USMV,VLUE,VNQ
0,2022-01-03,starting,0.15,4.445027148002475e-17,0.14999999999999972,9.057206631196216e-17,1.8043861943800887e-16,0.0,0.0,0.04999999999999984,0.05000000000000015,0.15,0.15,0.15,0.0,0.1499999999999999
1,2022-03-31,ending,0.150903644488225,4.3897155263722736e-17,0.14992478969638937,1.0226014183933783e-16,1.7825600262362815e-16,0.0,0.0,0.04874296415165413,0.04955626774369304,0.15287707352407678,0.1432377308563639,0.15422038136484215,0.0,0.1505371481747553
2,2022-04-01,starting,0.150903644488225,4.3897155263722736e-17,0.14992478969638937,1.0226014183933783e-16,1.7825600262362815e-16,0.0,0.0,0.04874296415165413,0.04955626774369304,0.15287707352407678,0.1432377308563639,0.15422038136484215,0.0,0.1505371481747553
3,2022-06-30,ending,0.16475988798316568,4.4989185993284265e-17,0.14887421364486628,1.0911271647906307e-16,1.6872624250243284e-16,0.0,0.0,0.043200834981674936,0.047220454551021356,0.14674436085004763,0.1432559049901885,0.16020777330095656,0.0,0.14573656969807877
4,2022-07-01,starting,0.14999999999999838,2.1053115097207275e-15,0.1499999999999985,0.14999999999997174,1.4280069431940172e-15,1.8438375826157483e-14,1.7643125980545984e-15,0.05000000000000172,4.656116282014299e-15,0.14999999999999808,0.14999999999998254,0.1499999999999938,0.049999999999998934,2.7906341154256714e-14
5,2022-09-30,ending,0.15410534845990725,1.9742074267773118e-15,0.144940757409092,0.14847207095232537,1.5068768489248448e-15,1.8655148527513246e-14,1.843735324947498e-15,0.05149153660268316,4.69279537380302e-15,0.1537353263884229,0.14507929248672827,0.15298727292644027,0.049188394774345105,2.675912477222827e-14
6,2022-10-03,starting,0.15410534845990725,1.9742074267773118e-15,0.144940757409092,0.14847207095232537,1.5068768489248448e-15,1.8655148527513246e-14,1.843735324947498e-15,0.05149153660268316,4.69279537380302e-15,0.1537353263884229,0.14507929248672827,0.15298727292644027,0.049188394774345105,2.675912477222827e-14
7,2022-12-30,ending,0.14605160552740065,2.031730052347245e-15,0.159100797126582,0.15191756900610634,1.4931088930902917e-15,1.813648514853103e-14,1.924344988067144e-15,0.04797556455290385,4.819505263734358e-15,0.15426565824612778,0.13280198046116212,0.15640470626706676,0.0514821188125958,2.6046235203496086e-14
8,2023-01-03,starting,0.15,0.0,0.15,0.0,0.0,0.1499999999999999,3.735121252665036e-17,0.049999999999999954,0.05000000000000019,0.15,4.622628852198501e-17,0.15,0.0,0.15
9,2023-03-31,ending,0.14664074315757902,0.0,0.15477409418662483,0.0,0.0,0.14866028190084093,3.39032880098717e-17,0.05715596147825462,0.05170859625824879,0.152643726095459,4.70063024168889e-17,0.14396929694837415,0.0,0.14444729997461858
10,2023-04-03,starting,0.14664074315757902,0.0,0.15477409418662483,0.0,0.0,0.14866028190084093,3.39032880098717e-17,0.05715596147825462,0.05170859625824879,0.152643726095459,4.70063024168889e-17,0.14396929694837415,0.0,0.14444729997461858
11,2023-06-30,ending,0.14021663529744116,0.0,0.15422349845146813,0.0,0.0,0.14296050948924097,3.408597346400209e-17,0.06359455569159907,0.05441953594258087,0.16013378424795682,4.425080566712096e-17,0.14256204077330512,0.0,0.1418894401064081
12,2023-07-03,starting,0.15,2.7008591224723823e-16,0.14999999999999988,0.14999999999999994,5.004801066150239e-17,0.14999999999999958,0.0,0.1499999999999999,0.1499999999999999,0.050000000000000065,9.880254871572167e-17,0.050000000000000294,0.0,0.0
13,2023-09-29,ending,0.150414035052193,2.6845178746030464e-16,0.14774316262568912,0.14947183761831848,4.916951409709947e-17,0.14812638545562554,0.0,0.15094486252272885,0.1524528258853403,0.05013556208920301,8.894835616685412e-17,0.050711328750901195,0.0,0.0
14,2023-10-02,starting,0.150414035052193,2.6845178746030464e-16,0.14774316262568912,0.14947183761831848,4.916951409709947e-17,0.14812638545562554,0.0,0.15094486252272885,0.1524528258853403,0.05013556208920301,8.894835616685412e-17,0.050711328750901195,0.0,0.0
15,2023-12-29,ending,0.14484229694167744,2.614185760571823e-16,0.1475266748615694,0.1503325074137581,5.0551107692202867e-17,0.14710345708845887,0.0,0.15602323540109833,0.1540991123699215,0.05048652385241212,9.061809416110059e-17,0.04958619207110397,0.0,0.0
16,2024-01-02,starting,0.14999999999999988,8.700052977301141e-17,0.15,0.15,3.8437140707170845e-17,0.15,0.0,0.14999999999999988,0.15,0.04999999999999993,0.0,0.017007124929918602,0.032992875070081175,0.0
17,2024-03-28,ending,0.14075800096600327,8.402466856840976e-17,0.15028855796486565,0.15259369256493385,3.816904300497688e-17,0.14057925006954078,0.0,0.15394704381754618,0.1587476167701342,0.052178153472082225,0.0,0.017296004842324752,0.03361167953256902,0.0
18,2024-04-01,starting,0.14999999999999983,0.0,0.14999999999999988,0.15,4.168195890695441e-17,0.15,7.960834930911288e-18,0.15,0.15,0.05000000000000009,9.275368671202384e-17,0.050000000000000315,0.0,0.0
19,2024-06-28,ending,0.14615042938578823,0.0,0.14581154306957683,0.15270775133370218,3.9279666622770075e-17,0.1453625347983342,8.073968960337143e-18,0.1579105501620696,0.15211909794754555,0.05083597573992343,8.853575717585168e-17,0.04910211756305985,0.0,0.0
20,2024-07-01,starting,0.14999999999999988,0.0,0.15,0.14999999999999994,0.0,0.1499999999999999,0.050000000000000065,0.14999999999999994,0.15,0.05000000000000003,0.0,2.4003214666565492e-17,6.874584193668243e-17,0.0
21,2024-09-30,ending,0.14850663808550202,0.0,0.15057305608870633,0.1594293235024896,0.0,0.15035315205408456,0.04901981800652285,0.1438699432360115,0.1485341451046413,0.04971392392204182,0.0,2.465352125672604e-17,6.865550175917785e-17,0.0
22,2024-10-01,starting,0.14999999999999994,2.3840644127977133e-16,0.14999999999999994,0.15,0.0,0.15,0.15,0.15,0.04999999999999961,0.049999999999999406,0.0,0.0,5.535914179902618e-17,0.0
23,2024-12-31,ending,0.14708684549850323,2.2372735635290747e-16,0.13911264899610806,0.15121917285355124,0.0,0.145602701657137,0.15545265455660398,0.1592596377081573,0.05040589367085348,0.051860445059085464,0.0,0.0,5.4635811103754193e-17,0.0
24,2025-01-02,starting,0.15,0.0,0.1499999999999998,0.15,0.0,0.15,0.028981705269848813,0.049999999999999246,0.021018294730150624,0.15,0.0,0.15,0.0,0.0
25,2025-03-31,ending,0.14741494305996167,0.0,0.1551004097256873,0.1707519521893783,0.0,0.1470580523380744,0.027151457457401898,0.04393585457695846,0.019337511955754557,0.1373640416390808,0.0,0.1518857770577025,0.0,0.0
26,2025-04-01,starting,0.14999999999999952,0.15,0.0,0.1499999999999999,2.3900727902322524e-16,0.15,0.14999999999999983,0.04999999999999986,8.61940727125976e-16,0.15,1.9180053812062908e-16,0.04999999999999932,0.0,8.730996310993448e-17
27,2025-06-30,ending,0.1400288623264383,0.15411011726328377,0.0,0.146275773535776,2.38972262141853e-16,0.14105482854192983,0.16472772074099332,0.054280208313024755,8.518393278731745e-16,0.1531682020824566,1.7329015509042244e-16,0.04635428719609614,0.0,7.994270928660514e-17
28,2025-07-01,starting,0.1499999999999991,0.15,3.924811864397526e-16,0.14999999999999886,1.239727257225465e-15,0.14999999999999886,0.04999999999999984,0.050000000000000676,6.090913558552692e-16,0.14999999999999913,1.3545123590141905e-15,0.14999999999999802,1.050917191209214e-15,6.733040730023316e-16
29,2025-09-30,ending,0.14292990785891257,0.15502427337011862,3.8274699156122846e-16,0.16330933633320244,1.3014966517182422e-15,0.14403290586824855,0.04993311807321057,0.050864039685835576,6.064822188221099e-16,0.15141771354431052,1.2952591640909743e-15,0.1424887052661559,1.0896904663762644e-15,6.514372261737308e-16
30,2025-10-01,starting,0.15,0.015239522279889844,0.13476047772010982,0.15,0.0,0.15,0.06201758391840416,0.04999999999999927,0.0,0.15,0.0,0.13798241608159617,0.0,0.0
31,2025-12-31,ending,0.14712529864148544,0.015388269330419525,0.13711445822881635,0.16249699667221523,0.0,0.14624215234014842,0.058977637703073404,0.04977597708805979,0.0,0.149636147391468,0.0,0.13324306260431376,0.0,0.0
32,2026-01-02,starting,0.14999999999999933,0.15,0.0,0.14999999999999986,1.9407553592080766e-16,0.15,0.15,0.15,1.8779366573515629e-16,0.05000000000000042,0.0,0.0,0.049999999999999566,9.369145571861269e-17
33,2026-03-31,ending,0.14956997892553542,0.15521819830796613,0.0,0.1623542714223074,1.952643993048415e-16,0.14896331638622914,0.14349657999726542,0.1406722522997636,1.8117673320758917e-16,0.047665891262838135,0.0,0.0,0.052059511398094345,9.462231487852714e-17
34,2026-04-01,starting,0.15,0.15,0.0,0.15,0.0,0.15,0.0,0.04999999999999714,0.0,0.15,0.0,0.050000000000003264,0.15,0.0
35,2026-06-30,ending,0.13570692968274858,0.16315214329926456,0.0,0.11535284589568746,0.0,0.13643796442609948,0.0,0.05736563572831478,0.0,0.15511626328523506,0.0,0.04686094546336958,0.19000727221928043,0.0
36,2026-07-01,starting,0.15,0.1499999999999998,1.4710608057572654e-16,0.15,0.10698636502055948,0.14999999999999966,0.037868983497941815,0.09301363497943943,0.012131016502058029,6.418476861114186e-16,3.6919638322035294e-16,0.0,0.15,0.0
37,2026-07-10,ending,0.15078829212665412,0.14831544096716143,1.4938139277124346e-16,0.15521607070474874,0.10656677542787402,0.14994951813012772,0.03593676469248054,0.09265413922450294,0.01228004880536152,6.560725942135036e-16,3.662143064606216e-16,0.0,0.14829294992108794,0.0
