,Date,weight_type,AGG,EEM,EFA,GLD,IWM,LQD,MTUM,QQQ,QUAL,SPY,TLT,USMV,VLUE,VNQ
0,2022-01-03,starting,0.1499999999999996,0.0,0.15,0.0,5.681331627051631e-17,1.7214701302371915e-16,0.0,0.050000000000000155,0.05000000000000011,0.14999999999999997,0.14999999999999997,0.14999999999999997,0.0,0.15
1,2022-03-31,ending,0.15090364448822458,0.0,0.14992478969638962,0.0,5.61260925500125e-17,1.68527949534094e-16,0.0,0.04874296415165443,0.04955626774369299,0.15287707352407676,0.14323773085636385,0.1542203813648421,0.0,0.1505371481747554
2,2022-04-01,starting,0.14999999999999838,2.1053115097207275e-15,0.1499999999999985,0.14999999999997174,1.4280069431940172e-15,1.8438375826157483e-14,1.7643125980545984e-15,0.05000000000000172,4.656116282014299e-15,0.14999999999999808,0.14999999999998254,0.1499999999999938,0.049999999999998934,2.7906341154256714e-14
3,2022-06-30,ending,0.1610709766756138,2.122083149568523e-15,0.14649120954899647,0.15741079417035445,1.3293614004044377e-15,1.90058170063984e-14,1.613158722811404e-15,0.04358373877752364,4.3634465869282034e-15,0.14160695791064937,0.1475436873117197,0.15325242107516704,0.04904021452992055,2.65706409890786e-14
4,2022-07-01,starting,0.15,0.0,0.14999999999999994,3.087483102957399e-17,0.0,0.15,3.170322400620722e-18,0.0500000000000001,9.934281973860481e-17,0.15,0.0,0.1499999999999998,0.05000000000000018,0.15
5,2022-09-30,ending,0.15379073892758793,0.0,0.14464485759537218,3.049794441303198e-17,0.0,0.15145366217222572,3.3062747658708174e-18,0.051386415473460754,9.992099596941958e-17,0.1534214722644789,0.0,0.1526749459704551,0.0490879755609301,0.1435399320354893
6,2022-10-03,starting,0.15,0.0,0.15,0.0,0.0,0.1499999999999999,3.735121252665036e-17,0.049999999999999954,0.05000000000000019,0.15,4.622628852198501e-17,0.15,0.0,0.15
7,2022-12-30,ending,0.14209649065428814,0.0,0.16457981043652536,0.0,0.0,0.14576361892017287,3.8966601568228526e-17,0.046564797193070995,0.051326814964714564,0.15044934837859336,4.2295252102089595e-17,0.1532813237891046,0.0,0.1459377956635301
8,2023-01-03,starting,0.15,0.0,0.15,0.15,0.15,0.14999999999999994,0.0,0.0,0.0,0.04999999999999981,0.0,0.08624663820142689,0.11375336179857376,0.0
9,2023-03-31,ending,0.14760801980844784,0.0,0.1557950203238118,0.15443268679046668,0.14683923554981548,0.14964087990176447,0.0,0.0,0.0,0.051216866608760535,0.0,0.08332514954395939,0.11114214147297372,0.0
10,2023-04-03,starting,0.15,2.7008591224723823e-16,0.14999999999999988,0.14999999999999994,5.004801066150239e-17,0.14999999999999958,0.0,0.1499999999999999,0.1499999999999999,0.050000000000000065,9.880254871572167e-17,0.050000000000000294,0.0,0.0
11,2023-06-30,ending,0.14275062228998134,2.6217125898431713e-16,0.1487597367852056,0.14021401717740492,5.0612300533742903e-17,0.14356687819474284,0.0,0.16610837293645975,0.15711773425298478,0.05220545377979281,9.257103136164093e-17,0.04927718458342744,0.0,0.0
12,2023-07-03,starting,0.15,5.915424506894394e-17,0.14999999999999997,0.14999999999999983,0.0,0.14999999999999994,0.05000000000000029,0.15,0.1499999999999999,0.050000000000000086,0.0,0.0,3.926975613683475e-17,0.0
13,2023-09-29,ending,0.15047324202958132,5.881948269298725e-17,0.14780131827642903,0.149530673721658,0.0,0.14818469195309633,0.050337663401958464,0.15100427844797265,0.15251283538519747,0.05015529678410658,0.0,0.0,3.9665133654458455e-17,0.0
14,2023-10-02,starting,0.14999999999999988,8.700052977301141e-17,0.15,0.15,3.8437140707170845e-17,0.15,0.0,0.14999999999999988,0.15,0.04999999999999993,0.0,0.017007124929918602,0.032992875070081175,0.0
15,2023-12-29,ending,0.14428501815043623,8.462817585770262e-17,0.14961576567661236,0.15069808182173583,3.947378500715407e-17,0.14880058918509234,0.0,0.15487636259017207,0.15145333998758745,0.05029473488216888,0.0,0.01661152897295967,0.03336457873323515,0.0
16,2024-01-02,starting,0.14999999999999983,0.0,0.14999999999999988,0.15,4.168195890695441e-17,0.15,7.960834930911288e-18,0.15,0.15,0.05000000000000009,9.275368671202384e-17,0.050000000000000315,0.0,0.0
17,2024-03-28,ending,0.1407662208015526,0.0,0.15029733435571327,0.15260260356857236,4.13936458329494e-17,0.14058745946658602,8.99513823525308e-18,0.15395603385274717,0.15875688714407207,0.05218120051621393,8.444560841685218e-17,0.050852260294542664,0.0,0.0
18,2024-04-01,starting,0.14999999999999988,0.0,0.15,0.14999999999999994,0.0,0.1499999999999999,0.050000000000000065,0.14999999999999994,0.15,0.05000000000000003,0.0,2.4003214666565492e-17,6.874584193668243e-17,0.0
19,2024-06-28,ending,0.14591573140367295,0.0,0.1455773892934206,0.1524625231722659,0.0,0.1451291020692226,0.05062913199020617,0.15765696700372023,0.151874815084474,0.05075433998301751,0.0,2.353431962098305e-17,6.422776024598827e-17,0.0
20,2024-07-01,starting,0.14999999999999994,2.3840644127977133e-16,0.14999999999999994,0.15,0.0,0.15,0.15,0.15,0.04999999999999961,0.049999999999999406,0.0,0.0,5.535914179902618e-17,0.0
21,2024-09-30,ending,0.14865278270778914,2.415981670470646e-16,0.15072123426237163,0.15958621708357884,0.0,0.1505011138213153,0.14720417447542472,0.14401152491063393,0.049560105598814644,0.04976284714007144,0.0,0.0,5.534080038746544e-17,0.0
22,2024-10-01,starting,0.15,0.0,0.1499999999999998,0.15,0.0,0.15,0.028981705269848813,0.049999999999999246,0.021018294730150624,0.15,0.0,0.15,0.0,0.0
23,2024-12-31,ending,0.1483922628747043,0.0,0.14034729420610886,0.1525612652424983,0.0,0.14689494703857037,0.030301787112359604,0.05355769680155655,0.021376973353528034,0.15696214239808493,0.0,0.14960563097258908,0.0,0.0
24,2025-01-02,starting,0.14999999999999952,0.15,0.0,0.1499999999999999,2.3900727902322524e-16,0.15,0.14999999999999983,0.04999999999999986,8.61940727125976e-16,0.15,1.9180053812062908e-16,0.04999999999999932,0.0,8.730996310993448e-17
25,2025-03-31,ending,0.14926320517644964,0.15181664891217422,0.0,0.17289280954072356,2.094704906951545e-16,0.14890183982270194,0.14228913018718825,0.04448671444153262,8.029560477247607e-16,0.13908628735623302,1.9494543772564481e-16,0.051263364562995475,0.0,8.683469189476569e-17
26,2025-04-01,starting,0.1499999999999991,0.15,3.924811864397526e-16,0.14999999999999886,1.239727257225465e-15,0.14999999999999886,0.04999999999999984,0.050000000000000676,6.090913558552692e-16,0.14999999999999913,1.3545123590141905e-15,0.14999999999999802,1.050917191209214e-15,6.733040730023316e-16
27,2025-06-30,ending,0.1424664499070038,0.15679282782480214,4.095483278076269e-16,0.14882210579174412,1.261123326880146e-15,0.14351027588699902,0.055865086633668765,0.05522510466836353,6.124318423615412e-16,0.15583451601895984,1.2450938360078692e-15,0.14148363326845348,1.053280443158426e-15,6.272220844888818e-16
28,2025-07-01,starting,0.15,0.015239522279889844,0.13476047772010982,0.15,0.0,0.15,0.06201758391840416,0.04999999999999927,0.0,0.15,0.0,0.13798241608159617,0.0,0.0
29,2025-09-30,ending,0.1439766760635522,0.01586531969300355,0.13238065120978973,0.16450535628000865,0.0,0.1450877520410565,0.062388214158031786,0.05123654996237593,0.0,0.1525266434424104,0.0,0.13203283714977124,0.0,0.0
30,2025-10-01,starting,0.14999999999999933,0.15,0.0,0.14999999999999986,1.9407553592080766e-16,0.15,0.15,0.15,1.8779366573515629e-16,0.05000000000000042,0.0,0.0,0.049999999999999566,9.369145571861269e-17
31,2025-12-31,ending,0.1467406212529075,0.1510680699645478,0.0,0.16207212806763988,1.919922152606921e-16,0.14585978404739672,0.1422744073988515,0.14893749481871116,1.8642328815923208e-16,0.04974830169220229,0.0,0.0,0.05329919275774274,8.869162434904364e-17
32,2026-01-02,starting,0.15,0.15,0.0,0.15,0.0,0.15,0.0,0.04999999999999714,0.0,0.15,0.0,0.050000000000003264,0.15,0.0
33,2026-03-31,ending,0.14787423728896879,0.15345842028623613,0.0,0.1605135885533047,0.0,0.14727445275375492,0.0,0.04635912938764267,0.0,0.14137644530992813,0.0,0.04873585800435941,0.15440786841580523,0.0
34,2026-04-01,starting,0.15,0.1499999999999998,1.4710608057572654e-16,0.15,0.10698636502055948,0.14999999999999966,0.037868983497941815,0.09301363497943943,0.012131016502058029,6.418476861114186e-16,3.6919638322035294e-16,0.0,0.15,0.0
35,2026-06-30,ending,0.13236979758541376,0.1591401134388455,1.4002868740162468e-16,0.11251623552171956,0.11383339362441458,0.1330828556527611,0.04745019280339817,0.10409150872480284,0.012181047441024094,6.474182460588435e-16,3.262339921988764e-16,0.0,0.18533485520761914,0.0
36,2026-07-01,starting,0.14999999999999988,0.14999999999999994,0.0,0.02147593062287824,0.13906805097903102,0.15,0.04999999999999994,0.06093194902096895,0.0,0.0,4.027811070783649e-17,0.0,0.15,0.1285240693771218
37,2026-07-10,ending,0.15118360248738988,0.14870426843940443,0.0,0.022280990106409826,0.1388857947127281,0.1503426295399609,0.047573203828169555,0.06085557163973206,0.0,0.0,4.0057517142148215e-17,0.0,0.1486817184302415,0.13149222081596373
